300566
000426
300100
601500
688578
002532
002296
000830
833523
600216
688253
300677
600707
300218
300976
300761
002606
600489
002683
600968
002850
603393
601567
601137
000951
000559
002322
002668
000526
300866
300360
300705
300181
301187
600312
600021
301004
605378
300304
000550
688208
002947
301301
605286
600575
300880
600420
002984
002073
002053
603823
600664
603929
002001
601991
002432
605305
603055
600301
002532
002296
000426
300100
601500
688578
000830
833523
600216
688253
300677
600707
300218
300976
300761
002606
002714
